[gd_scene load_steps=28 format=3 uid="uid://u2fgvdawyr4s"]

[ext_resource type="PackedScene" uid="uid://6gs11pnmf4lk" path="res://scenes/player.tscn" id="1_gf5af"]
[ext_resource type="Shader" path="res://shaders/ps1_post_processing.gdshader" id="1_yyrm2"]
[ext_resource type="Script" path="res://scripts/sub_viewport_container.gd" id="2_5uw6h"]
[ext_resource type="Texture2D" uid="uid://d4dpwst4oij6l" path="res://textures/concrete 8.jpg" id="3_ba6ou"]
[ext_resource type="Script" path="res://scenes/warehouse_environment.gd" id="3_hv00i"]
[ext_resource type="PackedScene" uid="uid://dgwbdh7pm6xrj" path="res://scenes/lights/warehouse_light.tscn" id="5_otcc1"]
[ext_resource type="PackedScene" uid="uid://bktcoa28q5ae6" path="res://scenes/props/warehouse_racks.tscn" id="7_no8pb"]
[ext_resource type="PackedScene" uid="uid://ceo3bgyb3rf1p" path="res://scenes/props/fence.tscn" id="9_gqoy7"]
[ext_resource type="Texture2D" uid="uid://dypcxl8unvnfb" path="res://models/glb files/Racks/warehouse_racks_Yellow Rusted Paint.png" id="9_kww0i"]
[ext_resource type="PackedScene" uid="uid://d0punf124xwt6" path="res://scenes/props/wall.tscn" id="10_4rws6"]
[ext_resource type="PackedScene" uid="uid://qib5fndvo3ml" path="res://scenes/props/garage_door.tscn" id="12_1kblk"]
[ext_resource type="PackedScene" uid="uid://cdxymtojo3akb" path="res://scenes/props/garage_button.tscn" id="13_5rmi7"]
[ext_resource type="PackedScene" uid="uid://s35g8oxeeg8m" path="res://scenes/props/products/radrox.tscn" id="14_1dmtp"]
[ext_resource type="PackedScene" uid="uid://c4scsws3wspbu" path="res://scenes/props/products/vampazon.tscn" id="14_7pw3q"]
[ext_resource type="PackedScene" uid="uid://4l6chfcr78vn" path="res://scenes/props/products/scrap_pack.tscn" id="15_g30y8"]
[ext_resource type="PackedScene" uid="uid://dnwixuk57l7s2" path="res://scenes/props/products/rad_shield.tscn" id="16_lygvk"]
[ext_resource type="PackedScene" uid="uid://i67c6lc6o3lk" path="res://scenes/props/products/nukik.tscn" id="17_nlbnk"]

[sub_resource type="ShaderMaterial" id="ShaderMaterial_0u6t1"]
shader = ExtResource("1_yyrm2")
shader_parameter/enabled = true
shader_parameter/dithering = true
shader_parameter/colors = 12
shader_parameter/dither_size = 1

[sub_resource type="ProceduralSkyMaterial" id="ProceduralSkyMaterial_ih6ya"]
sky_top_color = Color(0.626723, 0.381174, 0.171093, 1)
sky_horizon_color = Color(0.706681, 0.637544, 0.576023, 1)
ground_horizon_color = Color(0.706681, 0.637544, 0.576023, 1)

[sub_resource type="Sky" id="Sky_b8b34"]
sky_material = SubResource("ProceduralSkyMaterial_ih6ya")

[sub_resource type="Environment" id="Environment_5fl0s"]
background_mode = 2
background_energy_multiplier = 0.0
sky = SubResource("Sky_b8b34")
ambient_light_sky_contribution = 0.0
ambient_light_energy = 0.0
tonemap_mode = 2
glow_enabled = true
fog_mode = 1
fog_light_color = Color(0, 0, 0, 1)
fog_density = 0.9754
fog_depth_curve = 1.68179
fog_depth_end = 40.0
volumetric_fog_albedo = Color(0, 0, 0, 1)
volumetric_fog_emission = Color(0.0383972, 0.0383972, 0.0383972, 1)
volumetric_fog_length = 55.61

[sub_resource type="Shader" id="Shader_7huxr"]
code = "// NOTE: Shader automatically converted from Godot Engine 4.3.stable's StandardMaterial3D.

shader_type spatial;
render_mode blend_mix, depth_draw_opaque, cull_back, diffuse_burley, specular_schlick_ggx;

uniform vec4 albedo : source_color;
uniform sampler2D texture_albedo : source_color, filter_nearest, repeat_enable;
uniform float point_size : hint_range(0.1, 128.0, 0.1);

uniform float roughness : hint_range(0.0, 1.0);
uniform sampler2D texture_metallic : hint_default_white, filter_nearest, repeat_enable;
uniform vec4 metallic_texture_channel;
uniform sampler2D texture_roughness : hint_roughness_r, filter_nearest, repeat_enable;

uniform float specular : hint_range(0.0, 1.0, 0.01);
uniform float metallic : hint_range(0.0, 1.0, 0.01);

uniform vec3 uv1_scale;
uniform vec3 uv1_offset;
uniform vec3 uv2_scale;
uniform vec3 uv2_offset;

void vertex() {
	UV = UV * uv1_scale.xy + uv1_offset.xy;
}

void fragment() {
	vec2 base_uv = UV;

	vec4 albedo_tex = texture(texture_albedo, base_uv);
	ALBEDO = albedo.rgb * albedo_tex.rgb;

	float metallic_tex = dot(texture(texture_metallic, base_uv), metallic_texture_channel);
	METALLIC = metallic_tex * metallic;
	SPECULAR = specular;

	vec4 roughness_texture_channel = vec4(1.0, 0.0, 0.0, 0.0);
	float roughness_tex = dot(texture(texture_roughness, base_uv), roughness_texture_channel);
	ROUGHNESS = roughness_tex * roughness;
}
"

[sub_resource type="CompressedTexture2D" id="CompressedTexture2D_pkjfi"]

[sub_resource type="ShaderMaterial" id="ShaderMaterial_r148p"]
render_priority = 0
shader = SubResource("Shader_7huxr")
shader_parameter/albedo = Color(1, 1, 1, 1)
shader_parameter/point_size = 1.0
shader_parameter/roughness = 1.0
shader_parameter/metallic_texture_channel = null
shader_parameter/specular = 0.5
shader_parameter/metallic = 0.0
shader_parameter/uv1_scale = Vector3(12.875, 12.875, 12.875)
shader_parameter/uv1_offset = Vector3(0, 0, 0)
shader_parameter/uv2_scale = Vector3(1, 1, 1)
shader_parameter/uv2_offset = Vector3(0, 0, 0)
shader_parameter/texture_albedo = ExtResource("3_ba6ou")
shader_parameter/texture_roughness = SubResource("CompressedTexture2D_pkjfi")

[sub_resource type="StandardMaterial3D" id="StandardMaterial3D_ttpa3"]
albedo_texture = ExtResource("9_kww0i")
uv1_scale = Vector3(0.44, 0.44, 0.44)
texture_filter = 0

[sub_resource type="BoxMesh" id="BoxMesh_wbwst"]
material = SubResource("StandardMaterial3D_ttpa3")

[sub_resource type="BoxShape3D" id="BoxShape3D_nblqe"]

[node name="JobCorpWarehouse" type="SubViewportContainer"]
material = SubResource("ShaderMaterial_0u6t1")
offset_right = 1152.0
offset_bottom = 648.0
script = ExtResource("2_5uw6h")

[node name="SubViewport" type="SubViewport" parent="."]
handle_input_locally = false
scaling_3d_scale = 0.5
audio_listener_enable_2d = true
audio_listener_enable_3d = true
size = Vector2i(1152, 648)
render_target_update_mode = 4

[node name="JobCorpWarehouse" type="Node3D" parent="SubViewport"]

[node name="WorldEnvironment" type="WorldEnvironment" parent="SubViewport/JobCorpWarehouse"]
environment = SubResource("Environment_5fl0s")
script = ExtResource("3_hv00i")

[node name="Player" parent="SubViewport/JobCorpWarehouse" groups=["player"] instance=ExtResource("1_gf5af")]
transform = Transform3D(1, 0, 0, 0, 1, 0, 0, 0, 1, -1.87599, 1.19957, 30.1937)

[node name="FloorCSG" type="CSGBox3D" parent="SubViewport/JobCorpWarehouse"]
transform = Transform3D(100, 0, 0, 0, 0.034, 0, 0, 0, 80, 0, 0, 0)
use_collision = true
material = SubResource("ShaderMaterial_r148p")

[node name="OUTSIDE WALLS" type="Node3D" parent="SubViewport/JobCorpWarehouse"]

[node name="CSGBox3D" type="CSGBox3D" parent="SubViewport/JobCorpWarehouse/OUTSIDE WALLS"]
transform = Transform3D(1, 0, 0, 0, 1, 0, 0, 0, 1, 25.3938, 9.10764, 39.5044)
use_collision = true
size = Vector3(49.1399, 18.5348, 1)

[node name="CSGBox3D4" type="CSGBox3D" parent="SubViewport/JobCorpWarehouse/OUTSIDE WALLS"]
transform = Transform3D(-4.37114e-08, 0, -1, 0, 1, 0, 1, 0, -4.37114e-08, 49.6688, 9.10764, 0.110435)
use_collision = true
size = Vector3(80.0983, 18.5348, 1)

[node name="CSGBox3D5" type="CSGBox3D" parent="SubViewport/JobCorpWarehouse/OUTSIDE WALLS"]
transform = Transform3D(-1, 0, 8.74228e-08, 0, 1, 0, -8.74228e-08, 0, -1, 0.183098, 9.10764, -39.3162)
use_collision = true
size = Vector3(99.9707, 18.5348, 1)

[node name="Roof" type="CSGBox3D" parent="SubViewport/JobCorpWarehouse/OUTSIDE WALLS"]
transform = Transform3D(-1, 0, 8.74228e-08, 8.74228e-08, -4.37114e-08, 1, 3.82137e-15, 1, 4.37114e-08, 0.183098, 18.7173, 0.0452499)
visible = false
use_collision = true
size = Vector3(99.9707, 80.2119, 1)

[node name="CSGBox3D6" type="CSGBox3D" parent="SubViewport/JobCorpWarehouse/OUTSIDE WALLS"]
transform = Transform3D(1.31134e-07, 0, 1, 0, 1, 0, -1, 0, 1.31134e-07, -49.2685, 9.10764, -0.110577)
use_collision = true
size = Vector3(79.3218, 18.5348, 1)

[node name="CSGBox3D2" type="CSGBox3D" parent="SubViewport/JobCorpWarehouse/OUTSIDE WALLS"]
transform = Transform3D(1, 0, 0, 0, 1, 0, 0, 0, 1, -25.4799, 9.10764, 39.5044)
use_collision = true
size = Vector3(49.1399, 18.5348, 1)

[node name="CSGBox3D3" type="CSGBox3D" parent="SubViewport/JobCorpWarehouse/OUTSIDE WALLS"]
transform = Transform3D(1, 0, 0, 0, 1, 0, 0, 0, 1, -0.0468063, 10.7209, 39.5044)
use_collision = true
size = Vector3(2.08801, 15.2563, 1)

[node name="LIGHTS" type="Node3D" parent="SubViewport/JobCorpWarehouse"]

[node name="LeftRow" type="Node3D" parent="SubViewport/JobCorpWarehouse/LIGHTS"]

[node name="WarehouseLight" parent="SubViewport/JobCorpWarehouse/LIGHTS/LeftRow" instance=ExtResource("5_otcc1")]
transform = Transform3D(1, 0, 0, 0, -4.37114e-08, 1, 0, -1, -4.37114e-08, -31, 18.217, 20)

[node name="WarehouseLight7" parent="SubViewport/JobCorpWarehouse/LIGHTS/LeftRow" instance=ExtResource("5_otcc1")]
transform = Transform3D(1, 0, 0, 0, -4.37114e-08, 1, 0, -1, -4.37114e-08, -31, 18.217, 30)

[node name="WarehouseLight2" parent="SubViewport/JobCorpWarehouse/LIGHTS/LeftRow" instance=ExtResource("5_otcc1")]
transform = Transform3D(1, 0, 0, 0, -4.37114e-08, 1, 0, -1, -4.37114e-08, -31, 18.217, 10)

[node name="WarehouseLight3" parent="SubViewport/JobCorpWarehouse/LIGHTS/LeftRow" instance=ExtResource("5_otcc1")]
transform = Transform3D(1, 0, 0, 0, -4.37114e-08, 1, 0, -1, -4.37114e-08, -31, 18.217, 0)

[node name="WarehouseLight4" parent="SubViewport/JobCorpWarehouse/LIGHTS/LeftRow" instance=ExtResource("5_otcc1")]
transform = Transform3D(1, 0, 0, 0, -4.37114e-08, 1, 0, -1, -4.37114e-08, -31, 18.217, -10)

[node name="WarehouseLight5" parent="SubViewport/JobCorpWarehouse/LIGHTS/LeftRow" instance=ExtResource("5_otcc1")]
transform = Transform3D(1, 0, 0, 0, -4.37114e-08, 1, 0, -1, -4.37114e-08, -31, 18.217, -20)

[node name="WarehouseLight6" parent="SubViewport/JobCorpWarehouse/LIGHTS/LeftRow" instance=ExtResource("5_otcc1")]
transform = Transform3D(1, 0, 0, 0, -4.37114e-08, 1, 0, -1, -4.37114e-08, -31, 18.217, -30)

[node name="MiddleRow" type="Node3D" parent="SubViewport/JobCorpWarehouse/LIGHTS"]

[node name="WarehouseLight" parent="SubViewport/JobCorpWarehouse/LIGHTS/MiddleRow" instance=ExtResource("5_otcc1")]
transform = Transform3D(1, 0, 0, 0, -4.37114e-08, 1, 0, -1, -4.37114e-08, 0, 18.217, 20)

[node name="WarehouseLight7" parent="SubViewport/JobCorpWarehouse/LIGHTS/MiddleRow" instance=ExtResource("5_otcc1")]
transform = Transform3D(1, 0, 0, 0, -4.37114e-08, 1, 0, -1, -4.37114e-08, 0, 18.217, 30)
script = null

[node name="WarehouseLight2" parent="SubViewport/JobCorpWarehouse/LIGHTS/MiddleRow" instance=ExtResource("5_otcc1")]
transform = Transform3D(1, 0, 0, 0, -4.37114e-08, 1, 0, -1, -4.37114e-08, 0, 18.217, 10)

[node name="WarehouseLight3" parent="SubViewport/JobCorpWarehouse/LIGHTS/MiddleRow" instance=ExtResource("5_otcc1")]
transform = Transform3D(1, 0, 0, 0, -4.37114e-08, 1, 0, -1, -4.37114e-08, 0, 18.217, 0)

[node name="WarehouseLight4" parent="SubViewport/JobCorpWarehouse/LIGHTS/MiddleRow" instance=ExtResource("5_otcc1")]
transform = Transform3D(1, 0, 0, 0, -4.37114e-08, 1, 0, -1, -4.37114e-08, 0, 18.217, -10)

[node name="WarehouseLight5" parent="SubViewport/JobCorpWarehouse/LIGHTS/MiddleRow" instance=ExtResource("5_otcc1")]
transform = Transform3D(1, 0, 0, 0, -4.37114e-08, 1, 0, -1, -4.37114e-08, 0, 18.217, -20)

[node name="WarehouseLight6" parent="SubViewport/JobCorpWarehouse/LIGHTS/MiddleRow" instance=ExtResource("5_otcc1")]
transform = Transform3D(1, 0, 0, 0, -4.37114e-08, 1, 0, -1, -4.37114e-08, 0, 18.217, -30)

[node name="RightRow" type="Node3D" parent="SubViewport/JobCorpWarehouse/LIGHTS"]

[node name="WarehouseLight" parent="SubViewport/JobCorpWarehouse/LIGHTS/RightRow" instance=ExtResource("5_otcc1")]
transform = Transform3D(1, 0, 0, 0, -4.37114e-08, 1, 0, -1, -4.37114e-08, 31, 18.217, 20)

[node name="WarehouseLight7" parent="SubViewport/JobCorpWarehouse/LIGHTS/RightRow" instance=ExtResource("5_otcc1")]
transform = Transform3D(1, 0, 0, 0, -4.37114e-08, 1, 0, -1, -4.37114e-08, 31, 18.217, 30)

[node name="WarehouseLight2" parent="SubViewport/JobCorpWarehouse/LIGHTS/RightRow" instance=ExtResource("5_otcc1")]
transform = Transform3D(1, 0, 0, 0, -4.37114e-08, 1, 0, -1, -4.37114e-08, 31, 18.217, 10)

[node name="WarehouseLight3" parent="SubViewport/JobCorpWarehouse/LIGHTS/RightRow" instance=ExtResource("5_otcc1")]
transform = Transform3D(1, 0, 0, 0, -4.37114e-08, 1, 0, -1, -4.37114e-08, 31, 18.217, 0)

[node name="WarehouseLight4" parent="SubViewport/JobCorpWarehouse/LIGHTS/RightRow" instance=ExtResource("5_otcc1")]
transform = Transform3D(1, 0, 0, 0, -4.37114e-08, 1, 0, -1, -4.37114e-08, 31, 18.217, -10)

[node name="WarehouseLight5" parent="SubViewport/JobCorpWarehouse/LIGHTS/RightRow" instance=ExtResource("5_otcc1")]
transform = Transform3D(1, 0, 0, 0, -4.37114e-08, 1, 0, -1, -4.37114e-08, 31, 18.217, -20)

[node name="WarehouseLight6" parent="SubViewport/JobCorpWarehouse/LIGHTS/RightRow" instance=ExtResource("5_otcc1")]
transform = Transform3D(1, 0, 0, 0, -4.37114e-08, 1, 0, -1, -4.37114e-08, 31, 18.217, -30)

[node name="WALLS" type="Node3D" parent="SubViewport/JobCorpWarehouse"]
transform = Transform3D(-4.37114e-08, 0, -1, 0, 1, 0, 1, 0, -4.37114e-08, 0.169099, 0.017, 14.7816)

[node name="wall" parent="SubViewport/JobCorpWarehouse/WALLS" instance=ExtResource("10_4rws6")]
transform = Transform3D(-1, 0, -8.74228e-08, 0, 1, 0, 8.74228e-08, 0, -1, 20.7879, 0, 5.64424)

[node name="wall2" parent="SubViewport/JobCorpWarehouse/WALLS" instance=ExtResource("10_4rws6")]
transform = Transform3D(-1, 0, -8.74228e-08, 0, 1, 0, 8.74228e-08, 0, -1, 14.0659, 0, 5.64424)

[node name="wall3" parent="SubViewport/JobCorpWarehouse/WALLS" instance=ExtResource("10_4rws6")]
transform = Transform3D(-1, 0, -8.74228e-08, 0, 1, 0, 8.74228e-08, 0, -1, 20.7879, 0, 15.4749)

[node name="wall4" parent="SubViewport/JobCorpWarehouse/WALLS" instance=ExtResource("10_4rws6")]
transform = Transform3D(-1, 0, -8.74228e-08, 0, 1, 0, 8.74228e-08, 0, -1, 14.0659, 0, 15.4749)

[node name="wall7" parent="SubViewport/JobCorpWarehouse/WALLS" instance=ExtResource("10_4rws6")]
transform = Transform3D(-4.37114e-08, 0, 1, 0, 1, 0, -1, 0, -4.37114e-08, 11.1134, 0, 19.3361)

[node name="wall5" parent="SubViewport/JobCorpWarehouse/WALLS" instance=ExtResource("10_4rws6")]
transform = Transform3D(-1, 0, -8.74228e-08, 0, 1, 0, 8.74228e-08, 0, -1, 20.7879, 0, 25.314)

[node name="wall6" parent="SubViewport/JobCorpWarehouse/WALLS" instance=ExtResource("10_4rws6")]
transform = Transform3D(-1, 0, -8.74228e-08, 0, 1, 0, 8.74228e-08, 0, -1, 14.0659, 0, 25.314)

[node name="wall8" parent="SubViewport/JobCorpWarehouse/WALLS" instance=ExtResource("10_4rws6")]
transform = Transform3D(-4.37114e-08, 0, 1, 0, 1, 0, -1, 0, -4.37114e-08, 11.1134, 0, 31.3589)

[node name="wall9" parent="SubViewport/JobCorpWarehouse/WALLS" instance=ExtResource("10_4rws6")]
transform = Transform3D(-1, 0, -8.74228e-08, 0, 1, 0, 8.74228e-08, 0, -1, 20.7879, 0, 35.1736)

[node name="wall10" parent="SubViewport/JobCorpWarehouse/WALLS" instance=ExtResource("10_4rws6")]
transform = Transform3D(-1, 0, -8.74228e-08, 0, 1, 0, 8.74228e-08, 0, -1, 14.0659, 0, 35.1736)

[node name="FENCES" type="Node3D" parent="SubViewport/JobCorpWarehouse"]
transform = Transform3D(0.389751, 0, -0.92092, 0, 1, 0, 0.92092, 0, 0.389751, 6.56446, 0.017, 36.3935)

[node name="fence" parent="SubViewport/JobCorpWarehouse/FENCES" instance=ExtResource("9_gqoy7")]

[node name="fence2" parent="SubViewport/JobCorpWarehouse/FENCES" instance=ExtResource("9_gqoy7")]
transform = Transform3D(0.998762, 0, 0.0497388, 0, 1, 0, -0.0497388, 0, 0.998762, -5.62672, 9.53674e-07, 0.155125)

[node name="fence4" parent="SubViewport/JobCorpWarehouse/FENCES" instance=ExtResource("9_gqoy7")]
transform = Transform3D(0.916677, 0, -0.399629, 0, 1, 0, 0.399629, 0, 0.916677, -21.8421, 0.0170019, -3.76041)

[node name="fence5" parent="SubViewport/JobCorpWarehouse/FENCES" instance=ExtResource("9_gqoy7")]
transform = Transform3D(0.916677, 0, -0.399629, 0, 1, 0, 0.399629, 0, 0.916677, -27.0805, 0.0170019, -5.9774)

[node name="fence6" parent="SubViewport/JobCorpWarehouse/FENCES" instance=ExtResource("9_gqoy7")]
transform = Transform3D(0.916677, 0, -0.399629, 0, 1, 0, 0.399629, 0, 0.916677, -32.3401, 0.0170019, -8.20338)

[node name="fence7" parent="SubViewport/JobCorpWarehouse/FENCES" instance=ExtResource("9_gqoy7")]
transform = Transform3D(0.399629, 0, 0.916677, 0, 1, 0, -0.916677, 0, 0.399629, -35.9763, 0.0170019, -6.65894)

[node name="fence8" parent="SubViewport/JobCorpWarehouse/FENCES" instance=ExtResource("9_gqoy7")]
transform = Transform3D(-0.916677, 0, 0.399629, 0, 1, 0, -0.399629, 0, -0.916677, -55.089, 0.0170019, -11.7601)

[node name="fence9" parent="SubViewport/JobCorpWarehouse/FENCES" instance=ExtResource("9_gqoy7")]
transform = Transform3D(-0.916677, 0, 0.399629, 0, 1, 0, -0.399629, 0, -0.916677, -49.8506, 0.0170019, -9.54313)

[node name="fence10" parent="SubViewport/JobCorpWarehouse/FENCES" instance=ExtResource("9_gqoy7")]
transform = Transform3D(-0.916677, 0, 0.399629, 0, 1, 0, -0.399629, 0, -0.916677, -44.591, 0.0170019, -7.31715)

[node name="fence12" parent="SubViewport/JobCorpWarehouse/FENCES" instance=ExtResource("9_gqoy7")]
transform = Transform3D(-0.916677, 0, 0.399629, 0, 1, 0, -0.399629, 0, -0.916677, -70.7375, 0.0170019, -18.3828)

[node name="fence13" parent="SubViewport/JobCorpWarehouse/FENCES" instance=ExtResource("9_gqoy7")]
transform = Transform3D(-0.916677, 0, 0.399629, 0, 1, 0, -0.399629, 0, -0.916677, -65.499, 0.0170019, -16.1658)

[node name="fence14" parent="SubViewport/JobCorpWarehouse/FENCES" instance=ExtResource("9_gqoy7")]
transform = Transform3D(-0.916677, 0, 0.399629, 0, 1, 0, -0.399629, 0, -0.916677, -60.2394, 0.0170019, -13.9399)

[node name="fence11" parent="SubViewport/JobCorpWarehouse/FENCES" instance=ExtResource("9_gqoy7")]
transform = Transform3D(-0.399629, 0, -0.916677, 0, 1, 0, 0.916677, 0, -0.399629, -40.9548, 0.0170019, -8.8616)

[node name="fence3" parent="SubViewport/JobCorpWarehouse/FENCES" instance=ExtResource("9_gqoy7")]
transform = Transform3D(0.989659, 0, -0.143441, 0, 1, 0, 0.143441, 0, 0.989659, -11.1861, 9.53674e-07, -0.0527754)

[node name="Box3" type="RigidBody3D" parent="SubViewport/JobCorpWarehouse" groups=["light_motion"]]
transform = Transform3D(-4.37114e-08, 0, -1, 0, 1, 0, 1, 0, -4.37114e-08, -0.0125108, 4.57224, 4.49208)

[node name="MeshInstance3D" type="MeshInstance3D" parent="SubViewport/JobCorpWarehouse/Box3"]
mesh = SubResource("BoxMesh_wbwst")

[node name="CollisionShape3D" type="CollisionShape3D" parent="SubViewport/JobCorpWarehouse/Box3"]
shape = SubResource("BoxShape3D_nblqe")

[node name="Box4" type="RigidBody3D" parent="SubViewport/JobCorpWarehouse" groups=["light_motion"]]
transform = Transform3D(-4.37114e-08, 0, -1, 0, 1, 0, 1, 0, -4.37114e-08, -0.0125108, 4.57224, 2.64228)

[node name="MeshInstance3D" type="MeshInstance3D" parent="SubViewport/JobCorpWarehouse/Box4"]
mesh = SubResource("BoxMesh_wbwst")

[node name="CollisionShape3D" type="CollisionShape3D" parent="SubViewport/JobCorpWarehouse/Box4"]
shape = SubResource("BoxShape3D_nblqe")

[node name="warehouse_racks" parent="SubViewport/JobCorpWarehouse" instance=ExtResource("7_no8pb")]
transform = Transform3D(-4.37114e-08, 0, -1, 0, 1, 0, 1, 0, -4.37114e-08, 0.169099, 0.017, 14.7816)

[node name="warehouse_racks2" parent="SubViewport/JobCorpWarehouse" instance=ExtResource("7_no8pb")]
transform = Transform3D(-4.37114e-08, 0, -1, 0, 1, 0, 1, 0, -4.37114e-08, 0.169099, 0.017, 9.1847)

[node name="warehouse_racks3" parent="SubViewport/JobCorpWarehouse" instance=ExtResource("7_no8pb")]
transform = Transform3D(-4.37114e-08, 0, -1, 0, 1, 0, 1, 0, -4.37114e-08, 0.169099, 0.017, 3.65559)

[node name="warehouse_racks4" parent="SubViewport/JobCorpWarehouse" instance=ExtResource("7_no8pb")]
transform = Transform3D(-4.37114e-08, 0, -1, 0, 1, 0, 1, 0, -4.37114e-08, 2.76128, 0.017, 14.7816)

[node name="warehouse_racks5" parent="SubViewport/JobCorpWarehouse" instance=ExtResource("7_no8pb")]
transform = Transform3D(-4.37114e-08, 0, -1, 0, 1, 0, 1, 0, -4.37114e-08, 2.76128, 0.017, 9.1847)

[node name="warehouse_racks6" parent="SubViewport/JobCorpWarehouse" instance=ExtResource("7_no8pb")]
transform = Transform3D(-4.37114e-08, 0, -1, 0, 1, 0, 1, 0, -4.37114e-08, 2.76128, 0.017, 3.65559)

[node name="warehouse_racks7" parent="SubViewport/JobCorpWarehouse" instance=ExtResource("7_no8pb")]
transform = Transform3D(-4.37114e-08, 0, -1, 0, 1, 0, 1, 0, -4.37114e-08, 2.76128, 3.72385, 14.7816)

[node name="warehouse_racks8" parent="SubViewport/JobCorpWarehouse" instance=ExtResource("7_no8pb")]
transform = Transform3D(-4.37114e-08, 0, -1, 0, 1, 0, 1, 0, -4.37114e-08, 2.76128, 3.72385, 9.1847)

[node name="warehouse_racks9" parent="SubViewport/JobCorpWarehouse" instance=ExtResource("7_no8pb")]
transform = Transform3D(-4.37114e-08, 0, -1, 0, 1, 0, 1, 0, -4.37114e-08, 2.76128, 3.72385, 3.65559)

[node name="GarageButton" parent="SubViewport/JobCorpWarehouse" instance=ExtResource("13_5rmi7")]
transform = Transform3D(0.28818, 0, -0.957577, 0, 1, 0, 0.957577, 0, 0.28818, 1.7682, 0.885677, 24.5697)
prompt_message = "Garage Door"

[node name="GarageDoor" parent="SubViewport/JobCorpWarehouse" instance=ExtResource("12_1kblk")]
transform = Transform3D(0.0245543, 0, -0.999699, 0, 1, 0, 0.999699, 0, 0.0245543, 1.51525, 0.787078, 20.4703)

[node name="Products" type="Node3D" parent="SubViewport/JobCorpWarehouse"]
transform = Transform3D(0.0245543, 0, -0.999699, 0, 1, 0, 0.999699, 0, 0.0245543, 1.51525, 0.787078, 20.4703)

[node name="Vampazon" parent="SubViewport/JobCorpWarehouse/Products" instance=ExtResource("14_7pw3q")]
transform = Transform3D(0.999637, 0.00643882, 0.0261541, 0.0257372, 0.0580185, -0.997983, -0.00794326, 0.998294, 0.0578317, -16.3752, 0.601465, 0.886848)

[node name="Vampazon2" parent="SubViewport/JobCorpWarehouse/Products" instance=ExtResource("14_7pw3q")]
transform = Transform3D(0.970883, 0, -0.23955, 0, 1, 0, 0.23955, 0, 0.970883, -16.5902, 1.9242, 0.881568)

[node name="Vampazon3" parent="SubViewport/JobCorpWarehouse/Products" instance=ExtResource("14_7pw3q")]
transform = Transform3D(0.988329, 0, 0.15233, 0, 1, 0, -0.15233, 0, 0.988329, -11.6433, 3.72636, 1.00307)

[node name="RadShield" parent="SubViewport/JobCorpWarehouse/Products" instance=ExtResource("16_lygvk")]
transform = Transform3D(0.963415, 0, -0.268012, 0, 1, 0, 0.268012, 0, 0.963415, -4.50274, 3.64778, 1.64161)

[node name="RadShield2" parent="SubViewport/JobCorpWarehouse/Products" instance=ExtResource("16_lygvk")]
transform = Transform3D(0.989581, 0, 0.143976, 0, 1, 0, -0.143976, 0, 0.989581, -5.85192, 3.64778, 1.60847)

[node name="RadShield3" parent="SubViewport/JobCorpWarehouse/Products" instance=ExtResource("16_lygvk")]
transform = Transform3D(0.681794, 0, -0.731544, 0, 1, 0, 0.731544, 0, 0.681794, -7.11136, 3.64778, 1.57753)

[node name="Radrox" parent="SubViewport/JobCorpWarehouse/Products" instance=ExtResource("14_1dmtp")]
transform = Transform3D(0.950737, 0, 0.309996, 0, 1, 0, -0.309996, 0, 0.950737, -4.48437, 2.04333, 1.49586)

[node name="Radrox2" parent="SubViewport/JobCorpWarehouse/Products" instance=ExtResource("14_1dmtp")]
transform = Transform3D(0.0245543, 0, 0.999698, 0, 1, 0, -0.999698, 0, 0.0245543, -5.63742, 2.04333, 1.4138)

[node name="Radrox3" parent="SubViewport/JobCorpWarehouse/Products" instance=ExtResource("14_1dmtp")]
transform = Transform3D(-0.0645496, 0, -0.997914, 0, 1, 0, 0.997914, 0, -0.0645496, -7.19471, 2.04333, 1.20843)

[node name="Radrox4" parent="SubViewport/JobCorpWarehouse/Products" instance=ExtResource("14_1dmtp")]
transform = Transform3D(-0.940501, 0, -0.339788, 0, 1, 0, 0.339788, 0, -0.940501, -11.6069, 0.495789, 1.10006)

[node name="ScrapPack" parent="SubViewport/JobCorpWarehouse/Products" instance=ExtResource("15_g30y8")]
transform = Transform3D(0.982388, 0, 0.18685, 0, 1, 0, -0.18685, 0, 0.982388, -7.32169, 0.481799, 1.02859)

[node name="ScrapPack2" parent="SubViewport/JobCorpWarehouse/Products" instance=ExtResource("15_g30y8")]
transform = Transform3D(0.997877, 0, -0.0651244, 0, 1, 0, 0.0651244, 0, 0.997877, -5.6182, 0.481799, 1.07043)

[node name="ScrapPack3" parent="SubViewport/JobCorpWarehouse/Products" instance=ExtResource("15_g30y8")]
transform = Transform3D(0.954156, 0, 0.299307, 0, 1, 0, -0.299307, 0, 0.954156, -4.03769, 0.481799, 1.10925)

[node name="Nukik" parent="SubViewport/JobCorpWarehouse/Products" instance=ExtResource("17_nlbnk")]
transform = Transform3D(0.9682, 0, 0.250177, 0, 1, 0, -0.250177, 0, 0.9682, -9.87331, 1.89549, 1.24238)

[node name="Nukik2" parent="SubViewport/JobCorpWarehouse/Products" instance=ExtResource("17_nlbnk")]
transform = Transform3D(0.945137, 0, -0.326674, 0, 1, 0, 0.326674, 0, 0.945137, -11.5712, 1.89549, 1.20067)

[node name="Nukik3" parent="SubViewport/JobCorpWarehouse/Products" instance=ExtResource("17_nlbnk")]
transform = Transform3D(0.192556, 0, 0.981285, 0, 1, 0, -0.981285, 0, 0.192556, -9.63383, 0.307965, 1.24826)

[connection signal="interacted" from="SubViewport/JobCorpWarehouse/GarageButton" to="SubViewport/JobCorpWarehouse/GarageDoor" method="_on_garage_button_interacted"]
